2 5002 600 118
4 5002 2008 224
6 5002 2894 436
8 5002 4166 381
10 5002 5034 498
12 5002 5947 636
14 5002 7118 637
16 5002 7453 820
18 5002 7957 804
20 5002 8966 959
22 5002 9377 1109
24 5002 10077 1060
26 5002 10564 1198
28 5002 10905 1442
30 5002 10905 1369
32 5002 11823 1414
34 5002 12731 1556
36 5002 13658 1593
38 5002 14850 1927
40 5002 15524 1813
42 5002 15894 2031
44 5002 15949 1950
46 5002 15949 2203
48 5002 16126 2154
50 5002 16867 2236
52 5002 16867 2417
54 5002 17418 2525
56 5002 17418 2628
58 5002 17418 3368
60 5002 17418 2891
62 5002 18051 2871
64 5002 18336 3004
66 5002 18336 2935
68 5002 18405 3288
70 5002 18405 3167
72 5002 18405 3234
74 5002 18405 3517
76 5002 18405 3471
78 5002 18405 3601
80 5002 18405 3916
82 5002 18405 3812
84 5002 18517 3881
86 5002 18517 4051
88 5002 18517 3930
90 5002 18793 4297
92 5002 18793 4646
94 5002 18793 4347
96 5002 18847 4411
98 5002 18925 4546
100 5002 19417 4488
102 5002 19417 4761
104 5002 19530 4878
106 5002 19530 4731
108 5002 19530 5081
110 5002 19633 5434
112 5002 19633 5210
114 5002 19957 5167
116 5002 19957 5283
118 5002 19957 5607
120 5002 19957 5736
122 5002 20703 5676
124 5002 20703 5560
126 5002 20860 5775
128 5002 20860 5950
130 5002 20860 6072
132 5002 21120 6045
134 5002 21120 6019
136 5002 21614 6415
138 5002 21982 6341
140 5002 21982 7406
142 5002 22075 6409
144 5002 22075 6611
146 5002 22198 6463
148 5002 23312 6615
150 5002 23312 6983
152 5002 23555 7350
154 5002 23555 7044
156 5002 23555 7130
158 5002 23555 7079
160 5002 23816 7330
162 5002 23816 7377
164 5002 23816 7379
166 5002 23816 7447
168 5002 23816 7750
170 5002 24203 7600
172 5002 24203 7767
174 5002 24397 8255
176 5002 24628 7981
178 5002 24628 8251
180 5002 24657 8663
182 5002 24657 8562
184 5002 24657 8384
186 5002 24657 8290
188 5002 24657 8344
190 5002 24843 8438
192 5002 24843 8885
194 5002 24843 8929
196 5002 24843 8946
198 5002 24843 8889
200 5002 24843 8970
202 5002 24843 9509
204 5002 24843 9340
206 5002 24843 9756
208 5002 24843 9538
210 5002 24843 9565
212 5002 24843 10630
214 5002 24843 9759
216 5002 25413 9974
218 5002 26252 10052
220 5002 26252 10033
222 5002 26252 10612
224 5002 26252 10468
226 5002 26252 10169
228 5002 26252 10354
230 5002 26252 10424
232 5002 26451 10492
234 5002 26451 10533
236 5002 26451 11367
238 5002 26760 10897
240 5002 26760 10813
242 5002 26760 11060
244 5002 26760 11479
246 5002 26847 11066
248 5002 26847 11108
250 5002 27222 11215
252 5002 27222 11467
254 5002 27222 11588
256 5002 27608 11806
258 5002 27608 12179
260 5002 27608 11771
262 5002 27608 11929
264 5002 27696 11748
266 5002 27696 12837
268 5002 27696 12193
270 5002 27885 12116
272 5002 27990 12400
274 5002 28699 12278
276 5002 28699 12591
278 5002 28699 12565
280 5002 28699 13193
282 5002 29554 12884
284 5002 29554 12796
286 5002 29554 13041
288 5002 29554 12957
290 5002 29825 13096
292 5002 29825 13441
294 5002 29830 13611
296 5002 29830 13535
298 5002 29830 13772
300 5002 29993 13540
302 5002 29993 13675
304 5002 29993 14001
306 5002 29993 13841
308 5002 29993 13963
310 5002 29993 14151
312 5002 29993 15121
314 5002 29993 13933
316 5002 29993 14409
318 5002 29993 14524
320 5002 29993 14912
322 5002 29993 14781
324 5002 30080 14596
326 5002 30080 14738
328 5002 30080 15042
330 5002 30080 15662
332 5002 30080 15413
334 5002 30080 15111
336 5002 30199 15250
338 5002 30199 15388
340 5002 30199 15188
342 5002 30199 15480
344 5002 30199 15767
346 5002 30199 16103
348 5002 31019 15984
350 5002 31143 15763
352 5002 31143 16632
354 5002 31143 16001
356 5002 31143 16051
358 5002 31143 16737
360 5002 31143 16479
362 5002 31143 16388
364 5002 31792 16504
366 5002 31792 16759
368 5002 31792 16742
370 5002 31792 16859
372 5002 31792 16824
374 5002 32274 17163
376 5002 32274 17220
378 5002 32274 17359
380 5002 33190 17347
382 5002 33190 17410
384 5002 33558 17761
386 5002 33558 18305
388 5002 33558 18052
390 5002 33558 18126
392 5002 33558 17991
394 5002 33558 18368
396 5002 33558 17880
398 5002 33558 18338
400 5002 33558 18425
402 5002 33558 18428
404 5002 33558 18934
406 5002 33558 18765
408 5002 33558 18989
410 5002 33558 19079
412 5002 33558 19027
414 5002 33558 18823
416 5002 33558 19227
418 5002 33558 19212
420 5002 34230 20333
422 5002 34660 19210
424 5002 34660 19291
426 5002 34660 19434
428 5002 34942 19784
430 5002 34942 20122
432 5002 34942 20462
434 5002 34942 19763
436 5002 34942 20041
438 5002 34942 20322
440 5002 34942 20342
442 5002 35005 20713
444 5002 35005 20145
446 5002 35005 20079
448 5002 35455 21303
450 5002 35455 20785
452 5002 35455 20697
454 5002 35455 21212
456 5002 35455 21153
458 5002 35455 21569
460 5002 35455 21282
462 5002 35455 21219
464 5002 35548 21159
466 5002 35548 21449
468 5002 35548 21274
470 5002 36179 21738
472 5002 36179 21790
474 5002 36359 21703
476 5002 36359 23153
478 5002 37132 22107
480 5002 37132 22630
482 5002 37577 22630
484 5002 37577 22194
486 5002 37577 22230
488 5002 37577 22130
490 5002 37577 22457
492 5002 37577 23121
494 5002 38113 23057
496 5002 38883 23249
498 5002 39053 22612
500 5002 39053 23190
502 5002 39053 23194
504 5002 39053 23498
506 5002 39053 23069
508 5002 39053 23684
510 5002 39053 23830
512 5002 39053 23261
514 5002 39053 24086
516 5002 39053 24196
518 5002 39053 23799
520 5002 39053 23510
522 5002 39053 24274
524 5002 39325 23635
526 5002 39325 24631
528 5002 39325 24209
530 5002 39325 25614
532 5002 39325 24281
534 5002 39325 24684
536 5002 39325 23974
538 5002 39325 24930
540 5002 39472 25660
542 5002 39472 24928
544 5002 39472 24409
546 5002 39592 25644
548 5002 39592 24969
550 5002 39745 25368
552 5002 39745 25192
554 5002 39745 26248
556 5002 39745 25630
558 5002 39745 25773
560 5002 39745 25942
562 5002 39745 25601
564 5002 39745 25557
566 5002 39745 25792
568 5002 39745 26013
570 5002 39745 26041
572 5002 39745 26617
574 5002 40100 26341
576 5002 40100 27742
578 5002 40100 26747
580 5002 40100 26954
582 5002 40100 27149
584 5002 40100 26886
586 5002 40310 27010
588 5002 40310 26755
590 5002 40310 27707
592 5002 40310 27275
594 5002 40573 27659
596 5002 40573 27597
598 5002 40573 28793
600 5002 41178 28229
602 5002 41178 27345
604 5002 41926 28353
606 5002 41926 28184
608 5002 41926 27782
610 5002 41926 28218
612 5002 42591 28615
614 5002 42956 28892
616 5002 42956 28119
618 5002 42956 28438
620 5002 42956 29339
622 5002 42956 28335
624 5002 42956 28784
626 5002 42956 28846
628 5002 42956 29015
630 5002 42956 28931
632 5002 42956 29527
634 5002 42956 29061
636 5002 42956 29484
638 5002 42956 29429
640 5002 42956 30115
642 5002 42956 29730
644 5002 42956 30005
646 5002 43109 30522
648 5002 43109 30301
650 5002 43109 29878
652 5002 43109 30506
654 5002 43109 30346
656 5002 43109 30436
658 5002 43863 31522
660 5002 43905 30379
662 5002 43905 30992
664 5002 43905 30557
666 5002 43905 31244
668 5002 43905 30521
670 5002 44093 31181
672 5002 44093 32145
674 5002 44093 31368
676 5002 44093 31475
678 5002 44093 31694
680 5002 44093 31578
682 5002 44093 30966
684 5002 44093 31290
686 5002 44093 31988
688 5002 44093 32222
690 5002 44105 31732
692 5002 44105 31816
694 5002 44105 32894
696 5002 44105 33124
698 5002 44173 32902
700 5002 44173 32769
702 5002 44173 33221
704 5002 44835 32146
706 5002 44835 32622
708 5002 44835 32650
710 5002 45307 33642
712 5002 45307 34420
714 5002 45307 34185
716 5002 45307 34837
718 5002 45307 34758
720 5002 45456 35049
722 5002 45456 34203
724 5002 45456 33964
726 5002 45456 35959
728 5002 45456 36480
730 5002 45456 35263
732 5002 45456 34689
734 5002 46382 35198
736 5002 46382 34935
738 5002 46822 35884
740 5002 46910 36247
742 5002 46910 36636
744 5002 47348 34479
746 5002 47348 35739
748 5002 47348 36398
750 5002 47348 37124
752 5002 47572 38967
754 5002 47572 36893
756 5002 47572 39231
758 5002 47572 37106
760 5002 47572 37577
762 5002 47572 37318
764 5002 47572 37079
766 5002 47572 36450
768 5002 47572 36802
770 5002 47572 36557
772 5002 48310 35730
774 5002 48310 36776
776 5002 48563 35819
778 5002 48563 37483
780 5002 48563 35857
782 5002 48563 36178
784 5002 48563 36643
786 5002 48563 36677
788 5002 48925 36675
790 5002 48925 38075
792 5002 48925 36931
794 5002 48925 38421
796 5002 48925 38689
798 5002 48925 37439
800 5002 48925 39231
802 5002 48925 39393
804 5002 48925 39767
806 5002 48925 38877
808 5002 48925 38116
810 5002 48925 37986
812 5002 48925 38552
814 5002 48925 37735
816 5002 48925 39186
818 5002 48925 38483
820 5002 48925 38413
822 5002 49011 38218
824 5002 49547 38409
826 5002 50180 39140
828 5002 50180 39042
830 5002 50180 39505
832 5002 50826 41628
834 5002 50826 39502
836 5002 50826 39812
838 5002 50865 39358
840 5002 50865 39958
842 5002 50865 39808
844 5002 50865 38818
846 5002 51293 40176
848 5002 51293 39500
850 5002 51435 39619
852 5002 51435 39844
854 5002 51435 39118
856 5002 51979 40337
858 5002 51979 40469
860 5002 51979 40079
862 5002 51979 40470
864 5002 51979 41042
866 5002 51979 40286
868 5002 51979 40374
870 5002 51979 40850
872 5002 51979 40814
874 5002 51979 40349
876 5002 51979 41324
878 5002 51979 41292
880 5002 51979 41137
882 5002 51979 41464
884 5002 51979 40558
886 5002 51979 41767
888 5002 52240 40934
890 5002 52240 42183
892 5002 52240 41716
894 5002 52240 41883
896 5002 52240 41338
898 5002 52240 41680
900 5002 52240 42559
902 5002 52240 41780
904 5002 52242 42402
906 5002 52242 42155
908 5002 52242 42092
910 5002 52242 42380
912 5002 52242 41706
914 5002 52242 42698
916 5002 52580 42412
918 5002 52580 43456
920 5002 52580 42245
922 5002 52580 43105
924 5002 52580 43628
926 5002 52580 42818
928 5002 52580 43129
930 5002 52580 44601
932 5002 52580 46251
934 5002 52580 45284
936 5002 52580 44586
938 5002 52842 45840
940 5002 52842 46217
942 5002 52842 45367
944 5002 52842 45842
946 5002 53486 44713
948 5002 53486 46159
950 5002 53486 45083
952 5002 53486 45616
954 5002 53486 46124
956 5002 53486 44683
958 5002 53486 45518
960 5002 53486 45730
962 5002 53486 45511
964 5002 53486 45730
966 5002 53486 46744
968 5002 53708 45811
970 5002 53708 47093
972 5002 53708 45822
974 5002 53708 46636
976 5002 53708 45927
978 5002 53708 46932
980 5002 53708 47412
982 5002 53708 47162
984 5002 53708 46527
986 5002 53734 46593
988 5002 54043 47171
990 5002 54397 46988
992 5002 54397 46719
994 5002 54503 46560
996 5002 54503 48465
998 5002 54503 47195
1000 5002 54503 49697
