500 10 859 27
500 20 1650 46
500 30 2420 74
500 40 2702 95
500 50 3331 118
500 60 3613 151
500 70 4101 164
500 80 4480 195
500 90 4762 213
500 100 5250 253
500 110 5532 248
500 120 5651 305
500 130 6139 541
500 140 6421 543
500 150 6421 437
500 160 6950 388
500 170 7145 416
500 180 7309 435
500 190 7519 456
500 200 7838 493
500 210 8033 524
500 220 8161 527
500 230 8407 569
500 240 8602 613
500 250 8730 635
500 260 8976 672
500 270 9079 699
500 280 9268 705
500 290 9545 732
500 300 9588 781
500 310 9907 796
500 320 9991 1310
500 330 10158 826
500 340 10476 880
500 350 10481 991
500 360 10727 967
500 370 10922 976
500 380 11050 996
500 390 11142 1058
500 400 11399 1072
500 410 11588 1097
500 420 11619 1148
500 430 11874 1160
500 440 11905 1221
500 450 12094 1746
500 460 12229 1289
500 470 12351 1633
500 480 12540 1382
500 490 12706 1450
500 500 12805 1484
500 510 13017 1497
500 520 13181 1520
500 530 13212 1572
500 540 13309 1758
500 550 13471 1742
500 560 13658 1673
500 570 13786 1694
500 580 13948 1777
500 590 14112 1804
500 600 14200 1931
500 610 14240 1832
500 620 14394 1877
500 630 14589 1934
500 640 14717 1891
500 650 14804 2073
500 660 14869 2032
500 670 15131 2117
500 680 15131 2122
500 690 15259 2160
500 700 15448 2449
500 710 15573 2274
500 720 15638 2525
500 730 15716 2915
500 740 15987 2559
500 750 15990 2532
500 760 16118 2499
500 770 16304 2554
500 780 16369 2609
500 790 16447 2841
500 800 16575 2647
500 810 16662 2757
500 820 16846 2707
500 830 16974 3965
500 840 16974 2821
500 850 17100 2900
500 860 17303 3457
500 870 17303 2898
500 880 17431 3534
500 890 17557 3089
500 900 17674 3122
500 910 17754 3234
500 920 17810 3259
500 930 18003 3476
500 940 18003 3283
500 950 18131 3370
500 960 18257 3306
500 970 18339 3625
500 980 18384 3360
500 990 18474 3467
500 1000 18582 3632
500 1010 18612 3530
500 1020 18803 3669
500 1030 18911 3782
500 1040 19039 3715
500 1050 19057 4205
500 1060 19165 3960
500 1070 19184 4003
500 1080 19292 3862
500 1090 19418 4019
500 1100 19418 4028
500 1110 19520 4138
500 1120 19711 4111
500 1130 19839 4078
500 1140 19839 4197
500 1150 19965 4307
500 1160 19965 4320
500 1170 20092 4274
500 1180 20218 4485
500 1190 20218 4569
500 1200 20320 4593
500 1210 20408 4603
500 1220 20475 4687
500 1230 20603 4805
500 1240 20661 4755
500 1250 20729 4727
500 1260 20831 4758
500 1270 20856 4852
500 1280 20982 5050
500 1290 21046 5143
500 1300 21084 4916
500 1310 21172 5116
500 1320 21201 5093
500 1330 21329 5311
500 1340 21425 5349
500 1350 21455 5523
500 1360 21582 5773
500 1370 21582 5567
500 1380 21708 5564
500 1390 21772 6683
500 1400 21810 5501
500 1410 21898 5857
500 1420 22025 5503
500 1430 22025 5734
500 1440 22151 5869
500 1450 22151 5736
500 1460 22253 5747
500 1470 22306 5893
500 1480 22368 5923
500 1490 22431 5905
500 1500 22496 6153
500 1510 22558 6436
500 1520 22659 6205
500 1530 22749 6414
500 1540 22760 6371
500 1550 22851 6916
500 1560 22913 7016
500 1570 22958 6507
500 1580 23084 6685
500 1590 23127 8166
500 1600 23186 7830
500 1610 23217 7781
500 1620 23283 6913
500 1630 23364 7303
500 1640 23431 6998
500 1650 23490 7344
500 1660 23556 7062
500 1670 23623 7748
500 1680 23693 7077
500 1690 23784 7501
500 1700 23795 7227
500 1710 23846 7543
500 1720 23958 7350
500 1730 23973 7740
500 1740 24088 7481
500 1750 24131 7292
500 1760 24190 8002
500 1770 24252 7350
500 1780 24342 7349
500 1790 24393 7431
500 1800 24466 7378
500 1810 24500 7618
500 1820 24567 7721
500 1830 24658 7731
500 1840 24720 7834
500 1850 24748 7530
500 1860 24807 7775
500 1870 24884 7725
500 1880 24962 7742
500 1890 25024 7908
500 1900 25075 9048
500 1910 25126 7874
500 1920 25216 8285
500 1930 25267 8236
500 1940 25329 7942
500 1950 25369 8856
500 1960 25427 8607
500 1970 25517 8128
500 1980 25579 8669
500 1990 25633 8385
500 2000 25724 8622
500 2010 25758 8340
500 2020 25825 8509
500 2030 25871 8740
500 2040 25927 8557
500 2050 25985 8771
500 2060 26059 8871
500 2070 26126 9014
500 2080 26188 8787
500 2090 26279 9192
500 2100 26333 9193
500 2110 26367 9274
500 2120 26420 9876
500 2130 26469 9066
500 2140 26583 9415
500 2150 26594 9683
500 2160 26685 9039
500 2170 26719 9350
500 2180 26786 9365
500 2190 26888 9539
500 2200 26888 10452
500 2210 26962 10362
500 2220 26999 9887
500 2230 27074 9723
500 2240 27192 9820
500 2250 27227 9945
500 2260 27294 9962
500 2270 27328 10612
500 2280 27352 11160
500 2290 27430 10280
500 2300 27483 10240
500 2310 27518 10253
500 2320 27608 10498
500 2330 27619 10423
500 2340 27734 11146
500 2350 27836 11017
500 2360 27836 10889
500 2370 27894 10439
500 2380 27961 10328
500 2390 27999 10843
500 2400 28025 10756
500 2410 28127 12021
500 2420 28148 10928
500 2430 28225 10565
500 2440 28303 10895
500 2450 28326 10863
500 2460 28405 11137
500 2470 28503 10827
500 2480 28503 10956
500 2490 28530 11439
500 2500 28606 11196
500 2510 28666 11116
500 2520 28732 11247
500 2530 28834 11257
500 2540 28834 11597
500 2550 28892 11607
500 2560 28970 11224
500 2570 28997 11234
500 2580 29072 11535
500 2590 29125 11675
500 2600 29125 11742
500 2610 29183 12717
500 2620 29301 12086
500 2630 29301 11671
500 2640 29403 11598
500 2650 29501 11662
500 2660 29501 12018
500 2670 29528 12202
500 2680 29592 11944
500 2690 29592 11730
500 2700 29694 12095
500 2710 29792 11871
500 2720 29792 12021
500 2730 29842 12133
500 2740 29853 12326
500 2750 29968 12254
500 2760 30070 12332
500 2770 30070 12358
500 2780 30081 12545
500 2790 30179 13267
500 2800 30179 12640
500 2810 30259 12632
500 2820 30361 12321
500 2830 30361 12667
500 2840 30400 12724
500 2850 30498 12642
500 2860 30500 12847
500 2870 30546 12887
500 2880 30646 13320
500 2890 30661 13259
500 2900 30748 13537
500 2910 30789 13506
500 2920 30824 13487
500 2930 30839 13213
500 2940 30965 13300
500 2950 30965 13574
500 2960 31067 14103
500 2970 31067 13491
500 2980 31115 13303
500 2990 31176 13537
500 3000 31256 13593
500 3010 31256 13656
500 3020 31358 13807
500 3030 31358 13700
500 3040 31400 13471
500 3050 31467 13723
500 3060 31502 13624
500 3070 31543 14209
500 3080 31643 13821
500 3090 31643 14117
500 3100 31745 14022
500 3110 31745 13984
500 3120 31821 14096
500 3130 31832 14127
500 3140 31934 14116
500 3150 31934 14806
500 3160 32036 14235
500 3170 32036 14291
500 3180 32112 14649
500 3190 32123 14678
500 3200 32180 14096
500 3210 32221 14837
500 3220 32282 14477
500 3230 32289 14527
500 3240 32397 14455
500 3250 32499 15024
500 3260 32499 15027
500 3270 32499 15152
500 3280 32573 14697
500 3290 32574 14730
500 3300 32688 15588
500 3310 32790 15422
500 3320 32790 15212
500 3330 32790 15315
500 3340 32858 15738
500 3350 32865 15410
500 3360 32943 16155
500 3370 32967 15408
500 3380 33036 16139
500 3390 33036 16158
500 3400 33143 17138
500 3410 33143 16951
500 3420 33245 16650
500 3430 33245 18155
500 3440 33327 16686
500 3450 33327 16440
500 3460 33434 16522
500 3470 33434 16866
500 3480 33536 16022
500 3490 33536 16250
500 3500 33573 17115
500 3510 33587 16815
500 3520 33689 16362
500 3530 33689 16866
500 3540 33782 16727
500 3550 33782 16664
500 3560 33864 16418
500 3570 33878 16962
500 3580 33980 16986
500 3590 33980 16861
500 3600 34073 16658
500 3610 34073 16599
500 3620 34110 17544
500 3630 34124 17135
500 3640 34212 16509
500 3650 34226 16805
500 3660 34240 16882
500 3670 34308 17949
500 3680 34401 18168
500 3690 34415 18204
500 3700 34503 17608
500 3710 34517 18151
500 3720 34531 17236
500 3730 34554 17245
500 3740 34638 17585
500 3750 34656 18305
500 3760 34656 17187
500 3770 34713 17953
500 3780 34777 18125
500 3790 34845 18975
500 3800 34845 18645
500 3810 34947 18631
500 3820 34947 17558
500 3830 34980 18439
500 3840 35068 18151
500 3850 35082 17720
500 3860 35082 18102
500 3870 35119 19326
500 3880 35157 18849
500 3890 35221 19933
500 3900 35221 19340
500 3910 35258 18658
500 3920 35346 18789
500 3930 35410 19429
500 3940 35410 19850
500 3950 35512 18855
500 3960 35512 18535
500 3970 35512 18798
500 3980 35522 19484
500 3990 35538 20781
500 4000 35626 19365
500 4010 35640 18345
500 4020 35722 19051
500 4030 35790 18634
500 4040 35790 18940
500 4050 35818 19521
500 4060 35823 18506
500 4070 35925 19407
500 4080 35925 19830
500 4090 35968 19482
500 4100 36000 18961
500 4110 36070 19071
500 4120 36070 18678
500 4130 36070 20112
500 4140 36127 20208
500 4150 36136 20711
500 4160 36253 21186
500 4170 36355 20232
500 4180 36355 19532
500 4190 36355 19912
500 4200 36355 21198
500 4210 36376 21020
500 4220 36467 20713
500 4230 36483 20284
500 4240 36485 20540
500 4250 36565 20688
500 4260 36580 20353
500 4270 36622 19617
500 4280 36622 20786
500 4290 36622 20660
500 4300 36693 20313
500 4310 36695 21059
500 4320 36811 20488
500 4330 36913 20223
500 4340 36913 20793
500 4350 36913 20541
500 4360 36913 20659
500 4370 36948 22488
500 4380 37050 22397
500 4390 37050 22119
500 4400 37050 21817
500 4410 37123 22025
500 4420 37138 21522
500 4430 37162 21885
500 4440 37252 20742
500 4450 37252 22605
500 4460 37260 21610
500 4470 37347 22291
500 4480 37347 20651
500 4490 37364 20977
500 4500 37380 21541
500 4510 37405 21326
500 4520 37462 22253
500 4530 37506 21612
500 4540 37608 21390
500 4550 37608 21869
500 4560 37608 21949
500 4570 37672 21291
500 4580 37672 21925
500 4590 37720 22462
500 4600 37810 24320
500 4610 37818 23293
500 4620 37818 22368
500 4630 37905 22850
500 4640 37905 22479
500 4650 37947 21789
500 4660 37947 22146
500 4670 38020 23117
500 4680 38042 22686
500 4690 38042 23867
500 4700 38115 22435
500 4710 38115 23724
500 4720 38157 22002
500 4730 38157 23063
500 4740 38244 23356
500 4750 38252 22404
500 4760 38265 23030
500 4770 38281 23099
500 4780 38367 24022
500 4790 38367 22454
500 4800 38403 22834
500 4810 38505 22779
500 4820 38505 23818
500 4830 38505 26068
500 4840 38600 23801
500 4850 38600 24440
500 4860 38617 23915
500 4870 38664 24048
500 4880 38715 23252
500 4890 38715 23358
500 4900 38802 22801
500 4910 38810 23080
500 4920 38810 23482
500 4930 38837 23007
500 4940 38874 23354
500 4950 38939 23307
500 4960 38939 24034
500 4970 39012 23691
500 4980 39012 23148
500 4990 39027 24113
500 5000 39053 23429
